((("neighbors" .
   [0 0 0 1 0 0 0 0 0])
  ("print_subset" .
   [0 0 0 0 1 0 0 0 0 0 0 1])
  ("read_case" .
   [0 0 0 0 0 0 0 0 1])
  ("push_back" .
   [0 0 0 0 1 0 0 0 1])
  ("has_edge" .
   [0 0 0 0 0 0 0 2])
  ("false" .
   [0 0 0 1 0])
  ("have_value" .
   [0 0 0 0 0 0 0 0 0 1])
  ("printIDX" .
   [0 0 0 0 0 0 0 1])
  ("discarded.pop" .
   [1 0 0 0 0 0 0 0 0 0 0 0 0])
  ("remainSize" .
   [0 0 0 1 0 0 3 0 0 2])
  ("evenTerm" .
   [0 0 0 0 2 0 0 3])
  ("empty" .
   [0 0 0 0 3])
  ("Iterator" .
   [0 0 0 0 0 0 0 1])
  ("front" .
   [0 0 0 1 1])
  ("pop" .
   [2 0 0])
  ("push" .
   [1 0 0 0])
  ("remaining" .
   [0 0 0 3 2 0 3 1 6])
  ("discarded" .
   [0 0 0 4 2 0 5 1 0])
  ("namespace" .
   [0 0 0 0 0 2 0 0 2])
  ("q" .
   [1])
  ("WeightedQuickUnionUF" .
   [0 0 1 0 0 0 0 0 0 0 0 0 0 0 0 0 0 0 0 2])
  ("instruction" .
   [0 0 0 0 0 0 0 0 1 0 0])
  ("instructions" .
   [0 0 0 0 0 0 1 1 0 0 0 0])
  ("split" .
   [0 0 0 1 1])
  ("raw_input" .
   [0 0 0 1 0 0 0 0 3])
  ("import" .
   [0 0 0 0 0 1])
  ("byteInt" .
   [0 0 0 0 0 0 1])
  ("actualExp" .
   [0 0 0 1 0 0 0 0 0])
  ("zexp" .
   [0 0 1 1])
  ("ysign" .
   [0 0 0 0 2])
  ("zsign" .
   [0 0 2 0 0])
  ("MMASK" .
   [0 0 0 0 1])
  ("difference" .
   [0 0 0 0 1 0 0 0 0 0])
  ("exp" .
   [0 1 1])
  ("yexp" .
   [0 0 0 2])
  ("System" .
   [0 0 0 0 1 6])
  ("WfloatSol" .
   [0 0 0 0 0 0 0 0 1])
  ("println" .
   [0 0 6 1 3 0 0])
  ("out" .
   [5 1 3])
  ("xsign" .
   [0 0 0 0 5])
  ("BMASK" .
   [0 0 0 0 1])
  ("yman" .
   [0 0 0 1])
  ("xman" .
   [0 0 0 1])
  ("compareTo" .
   [0 0 1 1 0 0 0 0 0])
  ("-" .
   [1])
  ("order" .
   [1 0 0 0 0])
  ("hi" .
   [0 1])
  ("numbers" .
   [0 0 0 1 0 0 1])
  ("s" .
   [1])
  ("void" .
   [0 0 0 1])
  ("static" .
   [0 0 1 0 0 0])
  ("i" .
   [1])
  ("|---------------+------------|" .
   [0 0 1 0 0 0 0 0 0 0 0 0 0 0 0 0 0 0 0 0 0 0 0 0 0 0 0 0 0 1])
  ("|-----------+---------------------+----------------------|" .
   [0 0 1 0 0 0 0 0 0 0 0 0 0 0 0 0 0 0 0 0 0 0 0 0 0 0 0 0 0 0 0 0 0 0 0 0 0 0 0 0 0 0 0 0 0 0 0 0 0 0 0 0 0 0 0 0 0 0])
  ("Check" .
   [1 0 0 0 0])
  ("checkBit" .
   [0 0 0 2 0 0 1 1])
  ("zman" .
   [0 0 0 1])
  ("include" .
   [0 0 0 4 2 0 17])
  ("test" .
   [0 0 1 0])
  ("|----------+------------|" .
   [0 0 2 0 0 0 0 0 0 0 0 0 0 0 0 0 0 0 0 0 0 0 0 0 0])
  ("|------+-------------|" .
   [0 0 1 0 0 0 0 0 0 0 0 0 0 0 0 0 0 0 0 0 0 0])
  ("Registers" .
   [0 0 0 0 0 0 0 0 1])
  ("|------------+----------------------------------------------------------------------|" .
   [0 0 1 0 0 0 0 0 0 0 0 0 0 0 0 0 0 0 0 0 0 0 0 0 0 0 0 0 0 0 0 0 0 0 0 0 0 0 0 0 0 0 0 0 0 0 0 0 0 0 0 0 0 0 0 0 0 0 0 0 0 0 0 0 0 0 0 0 0 0 0 0 0 0 0 0 0 0 0 0 0 0 0 0 0])
  ("|---------+-------------+----------|" .
   [0 0 2 0 0 0 0 0 0 0 0 0 0 0 0 0 0 0 0 0 0 0 0 0 0 0 0 0 0 0 0 0 0 0 0 0])
  ("exiting" .
   [0 0 0 0 0 0 1])
  ("tTime" .
   [0 0 0 0 1])
  ("fcount" .
   [0 0 1 0 0 0])
  ("|---------------+------------+--------------|" .
   [0 0 3 0 0 0 0 0 0 0 0 0 0 0 0 0 0 0 0 0 0 0 0 0 0 0 0 0 0 0 0 0 0 0 0 0 0 0 0 0 0 0 0 0 0])
  ("no" .
   [1 0])
  ("iostream" .
   [0 0 0 0 0 0 0 4])
  ("cstdio" .
   [0 0 1 0 0 0])
  ("Character" .
   [0 0 0 0 0 1 0 0 0])
  ("timeReverseInput" .
   [0 0 0 0 0 0 0 0 0 0 0 0 0 0 0 4])
  ("stack" .
   [0 0 0 1 0])
  ("Jiang" .
   [1 0 0 0 0])))
